-5 -0.196442 -3.34774 -2.12927
-4.75 -0.214855 -3.43635 -2.05961
-4.5 -0.23554 -3.54957 -1.99973
-4.25 -0.259165 -3.69106 -1.94797
-4 -0.286583 -3.86587 -1.90273
-3.75 -0.318917 -4.08082 -1.86225
-3.5 -0.357694 -4.3453 -1.82441
-3.25 -0.405047 -4.67233 -1.78636
-3 -0.43899 -4.79968 -1.60792
-2.99219 -0.442018 -4.81716 -1.61221
-2.98438 -0.444585 -4.83122 -1.61632
-2.97656 -0.446944 -4.84373 -1.62024
-2.96875 -0.447197 -4.84013 -1.6233
-2.96094 -0.445969 -4.82515 -1.62564
-2.95312 -0.448251 -4.83703 -1.62907
-2.94531 -0.453104 -4.86888 -1.63355
-2.9375 -0.458289 -4.90323 -1.63796
-2.92969 -0.46199 -4.92593 -1.64141
-2.92188 -0.464995 -4.94343 -1.6446
-2.91406 -0.46779 -4.95974 -1.648
-2.90625 -0.470641 -4.97643 -1.65122
-2.89844 -0.473742 -4.99464 -1.654
-2.89062 -0.476817 -5.01276 -1.65673
-2.88281 -0.480132 -5.03233 -1.65902
-2.875 -0.482705 -5.04761 -1.6623
-2.86719 -0.485298 -5.06306 -1.66545
-2.85938 -0.488759 -5.08364 -1.66725
-2.85156 -0.491776 -5.10169 -1.66962
-2.84375 -0.494607 -5.1187 -1.67217
-2.83594 -0.497534 -5.13631 -1.67448
-2.82812 -0.50058 -5.15468 -1.67652
-2.82031 -0.503771 -5.17395 -1.67827
-2.8125 -0.50701 -5.19356 -1.67986
-2.80469 -0.510181 -5.21281 -1.68146
-2.79688 -0.51335 -5.23211 -1.68296
-2.78906 -0.516575 -5.25178 -1.68429
-2.78125 -0.519831 -5.27169 -1.68549
-2.77344 -0.523086 -5.29164 -1.68659
-2.76562 -0.526349 -5.31168 -1.68758
-2.75781 -0.529626 -5.33186 -1.68847
-2.75 -0.532922 -5.35221 -1.68924
-2.74219 -0.536245 -5.37275 -1.68986
-2.73438 -0.539588 -5.39346 -1.69037
-2.72656 -0.542941 -5.41429 -1.69077
-2.71875 -0.546321 -5.43532 -1.69104
-2.71094 -0.54973 -5.45655 -1.69116
-2.70312 -0.553153 -5.47793 -1.69117
-2.69531 -0.556591 -5.49945 -1.69107
-2.6875 -0.560049 -5.52113 -1.69085
-2.67969 -0.563533 -5.54301 -1.69049
-2.67188 -0.56704 -5.56507 -1.69
-2.66406 -0.570571 -5.58731 -1.68938
-2.65625 -0.574123 -5.60973 -1.68863
-2.64844 -0.577697 -5.63231 -1.68775
-2.64062 -0.581293 -5.65508 -1.68674
-2.63281 -0.584916 -5.67804 -1.68559
-2.625 -0.588562 -5.70118 -1.68431
-2.61719 -0.592231 -5.7245 -1.6829
-2.60938 -0.595922 -5.74799 -1.68135
-2.60156 -0.599637 -5.77168 -1.67967
-2.59375 -0.603377 -5.79554 -1.67786
-2.58594 -0.607141 -5.8196 -1.67591
-2.57812 -0.61093 -5.84384 -1.67383
-2.57031 -0.614744 -5.86826 -1.67161
-2.5625 -0.618582 -5.89288 -1.66925
-2.55469 -0.622447 -5.91769 -1.66675
-2.54688 -0.626337 -5.94268 -1.66411
-2.53906 -0.630253 -5.96788 -1.66133
-2.53125 -0.634195 -5.99326 -1.65841
-2.52344 -0.638165 -6.01884 -1.65534
-2.51562 -0.642161 -6.04462 -1.65213
-2.50781 -0.646183 -6.07059 -1.64878
-2.5 -0.650233 -6.09676 -1.64529
-2.49219 -0.654311 -6.12313 -1.64165
-2.48438 -0.658417 -6.1497 -1.63786
-2.47656 -0.662551 -6.17648 -1.63392
-2.46875 -0.666714 -6.20345 -1.62984
-2.46094 -0.670905 -6.23063 -1.62561
-2.45312 -0.675126 -6.25802 -1.62122
-2.44531 -0.679376 -6.28561 -1.61668
-2.4375 -0.683656 -6.31341 -1.612
-2.42969 -0.687966 -6.34143 -1.60715
-2.42188 -0.692306 -6.36965 -1.60216
-2.41406 -0.696677 -6.39808 -1.59701
-2.40625 -0.701079 -6.42673 -1.5917
-2.39844 -0.705512 -6.45559 -1.58623
-2.39062 -0.709977 -6.48466 -1.5806
-2.38281 -0.714474 -6.51396 -1.57482
-2.375 -0.719003 -6.54347 -1.56887
-2.36719 -0.723565 -6.5732 -1.56276
-2.35938 -0.72816 -6.60315 -1.55649
-2.35156 -0.732788 -6.63333 -1.55006
-2.34375 -0.737449 -6.66372 -1.54346
-2.33594 -0.742145 -6.69435 -1.53669
-2.32812 -0.746875 -6.7252 -1.52975
-2.32031 -0.75164 -6.75627 -1.52264
-2.3125 -0.75644 -6.78758 -1.51537
-2.30469 -0.761275 -6.81912 -1.50792
-2.29688 -0.766147 -6.85089 -1.5003
-2.28906 -0.771054 -6.88289 -1.4925
-2.28125 -0.775998 -6.91513 -1.48453
-2.27344 -0.780979 -6.9476 -1.47638
-2.26562 -0.785997 -6.98031 -1.46805
-2.25781 -0.791054 -7.01326 -1.45954
-2.25 -0.796148 -7.04645 -1.45086
-2.24219 -0.80128 -7.07989 -1.44198
-2.23438 -0.806452 -7.11356 -1.43293
-2.22656 -0.811663 -7.14749 -1.42369
-2.21875 -0.816914 -7.18166 -1.41426
-2.21094 -0.822205 -7.21607 -1.40464
-2.20312 -0.827536 -7.25074 -1.39483
-2.19531 -0.832909 -7.28566 -1.38483
-2.1875 -0.838323 -7.32083 -1.37464
-2.17969 -0.843779 -7.35626 -1.36425
-2.17188 -0.849277 -7.39194 -1.35366
-2.16406 -0.854818 -7.42788 -1.34288
-2.15625 -0.860403 -7.46408 -1.33189
-2.14844 -0.86603 -7.50054 -1.32071
-2.14062 -0.871703 -7.53726 -1.30932
-2.13281 -0.877419 -7.57425 -1.29772
-2.125 -0.883181 -7.6115 -1.28592
-2.11719 -0.888988 -7.64902 -1.27391
-2.10938 -0.894842 -7.68681 -1.26168
-2.10156 -0.900741 -7.72486 -1.24925
-2.09375 -0.906688 -7.7632 -1.2366
-2.08594 -0.912682 -7.8018 -1.22373
-2.07812 -0.918725 -7.84068 -1.21065
-2.07031 -0.924816 -7.87984 -1.19734
-2.0625 -0.930955 -7.91928 -1.18381
-2.05469 -0.937145 -7.959 -1.17006
-2.04688 -0.943384 -7.999 -1.15608
-2.03906 -0.949674 -8.03929 -1.14187
-2.03125 -0.956015 -8.07986 -1.12743
-2.02344 -0.962408 -8.12072 -1.11276
-2.01562 -0.968853 -8.16187 -1.09785
-2.00781 -0.975351 -8.20331 -1.0827
-2 -0.981902 -8.24505 -1.06732
-1.99219 -0.988507 -8.28708 -1.05169
-1.98438 -0.995166 -8.32941 -1.03582
-1.97656 -1.00188 -8.37203 -1.01969
-1.96875 -1.00865 -8.41496 -1.00332
-1.96094 -1.01548 -8.45819 -0.986703
-1.95312 -1.02236 -8.50172 -0.969826
-1.94531 -1.0293 -8.54556 -0.952693
-1.9375 -1.0363 -8.58971 -0.935299
-1.92969 -1.04336 -8.63417 -0.917644
-1.92188 -1.05047 -8.67894 -0.899723
-1.91406 -1.05765 -8.72402 -0.881535
-1.90625 -1.06488 -8.76942 -0.863077
-1.89844 -1.07218 -8.81514 -0.844346
-1.89062 -1.07954 -8.86118 -0.825338
-1.88281 -1.08696 -8.90754 -0.806052
-1.875 -1.09445 -8.95422 -0.786484
-1.86719 -1.102 -9.00122 -0.766631
-1.85938 -1.10961 -9.04856 -0.74649
-1.85156 -1.11729 -9.09622 -0.726059
-1.84375 -1.12503 -9.14422 -0.705334
-1.83594 -1.13284 -9.19254 -0.684311
-1.82812 -1.14072 -9.24121 -0.662989
-1.82031 -1.14867 -9.29021 -0.641363
-1.8125 -1.15668 -9.33955 -0.61943
-1.80469 -1.16476 -9.38923 -0.597187
-1.79688 -1.17292 -9.43925 -0.574631
-1.78906 -1.18114 -9.48962 -0.551758
-1.78125 -1.18944 -9.54033 -0.528565
-1.77344 -1.19781 -9.5914 -0.505047
-1.76562 -1.20625 -9.64281 -0.481202
-1.75781 -1.21476 -9.69458 -0.457026
-1.75 -1.22336 -9.74671 -0.432515
-1.74219 -1.23202 -9.79919 -0.407665
-1.73438 -1.24076 -9.85203 -0.382473
-1.72656 -1.24958 -9.90523 -0.356934
-1.71875 -1.25848 -9.95879 -0.331045
-1.71094 -1.26745 -10.0127 -0.304802
-1.70312 -1.27651 -10.067 -0.2782
-1.69531 -1.28564 -10.1217 -0.251236
-1.6875 -1.29486 -10.1767 -0.223905
-1.67969 -1.30416 -10.2321 -0.196203
-1.67188 -1.31354 -10.2879 -0.168126
-1.66406 -1.32301 -10.3441 -0.139669
-1.65625 -1.33256 -10.4006 -0.110828
-1.64844 -1.34219 -10.4576 -0.0815982
-1.64062 -1.35191 -10.5149 -0.0519755
-1.63281 -1.36172 -10.5726 -0.0219549
-1.625 -1.37162 -10.6306 0.00846825
-1.61719 -1.38161 -10.6891 0.0392988
-1.60938 -1.39168 -10.748 0.0705415
-1.60156 -1.40185 -10.8072 0.102201
-1.59375 -1.41211 -10.8669 0.134283
-1.58594 -1.42247 -10.9269 0.166793
-1.57812 -1.43291 -10.9874 0.199734
-1.57031 -1.44345 -11.0482 0.233114
-1.5625 -1.45409 -11.1095 0.266936
-1.55469 -1.46483 -11.1711 0.301207
-1.54688 -1.47566 -11.2332 0.335932
-1.53906 -1.48659 -11.2957 0.371116
-1.53125 -1.49762 -11.3585 0.406765
-1.52344 -1.50875 -11.4218 0.442885
-1.51562 -1.51999 -11.4855 0.479481
-1.50781 -1.53133 -11.5497 0.51656
-1.5 -1.54277 -11.6142 0.554128
-1.49219 -1.55431 -11.6792 0.59219
-1.48438 -1.56597 -11.7445 0.630753
-1.47656 -1.57773 -11.8103 0.669823
-1.46875 -1.58959 -11.8766 0.709406
-1.46094 -1.60157 -11.9432 0.749509
-1.45312 -1.61366 -12.0103 0.790139
-1.44531 -1.62586 -12.0778 0.831301
-1.4375 -1.63818 -12.1458 0.873003
-1.42969 -1.6506 -12.2142 0.915252
-1.42188 -1.66315 -12.283 0.958054
-1.41406 -1.6758 -12.3522 1.00142
-1.40625 -1.68858 -12.4219 1.04535
-1.39844 -1.70148 -12.492 1.08985
-1.39062 -1.71449 -12.5626 1.13494
-1.38281 -1.72763 -12.6336 1.18062
-1.375 -1.74088 -12.705 1.22689
-1.36719 -1.75427 -12.7769 1.27377
-1.35938 -1.76777 -12.8493 1.32126
-1.35156 -1.78141 -12.922 1.36938
-1.34375 -1.79516 -12.9953 1.41812
-1.33594 -1.80905 -13.0689 1.4675
-1.32812 -1.82307 -13.1431 1.51752
-1.32031 -1.83722 -13.2176 1.5682
-1.3125 -1.8515 -13.2927 1.61953
-1.30469 -1.86591 -13.3681 1.67154
-1.29688 -1.88046 -13.4441 1.72423
-1.28906 -1.89514 -13.5204 1.7776
-1.28125 -1.90997 -13.5973 1.83168
-1.27344 -1.92493 -13.6746 1.88645
-1.26562 -1.94003 -13.7523 1.94195
-1.25781 -1.95527 -13.8305 1.99817
-1.25 -1.97065 -13.9091 2.05512
-1.24219 -1.98618 -13.9882 2.11281
-1.23438 -2.00185 -14.0678 2.17126
-1.22656 -2.01767 -14.1478 2.23047
-1.21875 -2.03364 -14.2283 2.29045
-1.21094 -2.04975 -14.3092 2.35122
-1.20312 -2.06602 -14.3906 2.41278
-1.19531 -2.08244 -14.4724 2.47514
-1.1875 -2.09901 -14.5547 2.53832
-1.17969 -2.11573 -14.6374 2.60232
-1.17188 -2.13261 -14.7206 2.66716
-1.16406 -2.14965 -14.8042 2.73285
-1.15625 -2.16685 -14.8883 2.79939
-1.14844 -2.18421 -14.9728 2.8668
-1.14062 -2.20172 -15.0578 2.93509
-1.13281 -2.2194 -15.1432 3.00427
-1.125 -2.23725 -15.2291 3.07435
-1.11719 -2.25526 -15.3154 3.14535
-1.10938 -2.27343 -15.4021 3.21728
-1.10156 -2.29178 -15.4893 3.29014
-1.09375 -2.31029 -15.5769 3.36396
-1.08594 -2.32897 -15.665 3.43874
-1.07812 -2.34783 -15.7534 3.51449
-1.07031 -2.36686 -15.8423 3.59123
-1.0625 -2.38606 -15.9317 3.66898
-1.05469 -2.40544 -16.0214 3.74774
-1.04688 -2.425 -16.1116 3.82752
-1.03906 -2.44473 -16.2021 3.90835
-1.03125 -2.46465 -16.2931 3.99023
-1.02344 -2.48474 -16.3845 4.07317
-1.01562 -2.50502 -16.4763 4.1572
-1.00781 -2.76783 -17.791 4.61974
-1 -3.04231 -19.1637 5.1001
-0.992188 -3.0822 -19.3506 5.21386
-0.984375 -3.13255 -19.5799 5.35485
-0.976562 -3.19221 -19.8465 5.52051
-0.96875 -3.24717 -20.0842 5.67971
-0.960938 -3.30283 -20.3188 5.84417
-0.953125 -3.35975 -20.5529 6.01526
-0.945312 -3.41783 -20.786 6.19271
-0.9375 -3.47732 -21.0186 6.37758
-0.929688 -3.53865 -21.2526 6.57098
-0.921875 -3.60149 -21.487 6.77183
-0.914062 -3.66583 -21.7208 6.98068
-0.90625 -3.73245 -21.9572 7.19977
-0.898438 -3.80146 -22.1965 7.42955
-0.890625 -3.87191 -22.4348 7.6674
-0.882812 -3.94357 -22.6722 7.91175
-0.875 -4.01701 -22.9101 8.16506
-0.867188 -4.09254 -23.1488 8.42892
-0.859375 -4.1696 -23.3878 8.70028
-0.851562 -4.24875 -23.6275 8.98229
-0.84375 -4.33012 -23.868 9.27552
-0.835938 -4.41301 -24.109 9.57624
-0.828125 -4.49813 -24.3505 9.88841
-0.820312 -4.5856 -24.5929 10.2128
-0.8125 -4.6749 -24.836 10.5461
-0.804688 -4.76602 -25.0798 10.8884
-0.796875 -4.85924 -25.3238 11.2418
-0.789062 -4.95487 -25.5684 11.6078
-0.78125 -5.05322 -25.8143 11.9878
-0.773438 -5.15434 -26.0616 12.3819
-0.765625 -5.25769 -26.309 12.788
-0.757812 -5.36321 -26.5563 13.2059
-0.75 -5.47123 -26.8046 13.6365
-0.742188 -5.58181 -27.0537 14.0806
-0.734375 -5.69498 -27.3025 14.5391
-0.726562 -5.81079 -27.5512 15.0122
-0.71875 -5.92927 -27.8011 15.499
-0.710938 -6.05045 -28.0512 16.0006
-0.703125 -6.17444 -28.3003 16.5185
-0.695312 -6.30127 -28.549 17.0524
-0.6875 -6.43099 -28.7985 17.6018
-0.679688 -6.56363 -29.0477 18.1676
-0.671875 -6.69922 -29.2949 18.7514
-0.664062 -6.83783 -29.5409 19.353
-0.65625 -6.97956 -29.7874 19.9715
-0.648438 -7.12439 -30.0328 20.6083
-0.640625 -7.27232 -30.2754 21.2647
-0.632812 -7.42344 -30.5159 21.9407
-0.625 -7.57784 -30.7544 22.6366
-0.617188 -7.73549 -30.9904 23.3528
-0.609375 -7.89636 -31.2231 24.0897
-0.601562 -8.06057 -31.4521 24.8483
-0.59375 -8.22822 -31.677 25.6297
-0.585938 -8.39924 -31.8972 26.4338
-0.578125 -8.57355 -32.1125 27.2603
-0.570312 -8.75125 -32.3222 28.1104
-0.5625 -8.93246 -32.5259 28.9853
-0.554688 -9.11706 -32.7226 29.8848
-0.546875 -9.30492 -32.9113 30.8092
-0.539062 -9.49618 -33.0918 31.7593
-0.53125 -9.69098 -33.2638 32.7363
-0.523438 -9.88922 -33.4262 33.7405
-0.515625 -10.0905 -33.5767 34.7713
-0.507812 -10.4729 -34.2506 36.3945
-0.5 -10.9043 -35.085 38.1661
-0.492188 -11.2096 -35.5504 39.5342
-0.484375 -11.5197 -36.0044 40.9386
-0.476562 -11.8314 -36.4371 42.3682
-0.46875 -12.1467 -36.8499 43.8342
-0.460938 -12.4662 -37.24 45.3411
-0.453125 -12.7893 -37.605 46.888
-0.445312 -13.1159 -37.9415 48.4768
-0.4375 -13.4462 -38.2465 50.1112
-0.429688 -13.7804 -38.5163 51.7937
-0.421875 -14.1181 -38.749 53.5256
-0.414062 -14.4595 -38.9387 55.3105
-0.40625 -14.8042 -39.0768 57.1538
-0.398438 -15.152 -39.1609 59.0556
-0.390625 -15.5024 -39.1859 61.0167
-0.382812 -15.8549 -39.1451 63.0401
-0.375 -16.209 -39.0311 65.1272
-0.367188 -16.5637 -38.8365 67.2795
-0.359375 -16.9184 -38.553 69.4976
-0.351562 -17.2717 -38.1719 71.7818
-0.34375 -17.6225 -37.6841 74.1319
-0.335938 -17.9692 -37.0791 76.5463
-0.328125 -18.3102 -36.3469 79.0236
-0.320312 -18.6434 -35.476 81.56
-0.3125 -18.9668 -34.4553 84.1522
-0.304688 -19.2777 -33.2726 86.794
-0.296875 -19.5734 -31.9156 89.4792
-0.289062 -19.8508 -30.3723 92.199
-0.28125 -20.1067 -28.63 94.9432
-0.273438 -20.3374 -26.6768 97.7007
-0.265625 -20.5392 -24.4996 100.46
-0.257812 -20.5861 -20.8538 103.447
-0.25 -20.7614 -17.3601 107.07
-0.242188 -21.1986 -15.2682 111.164
-0.234375 -21.6186 -12.9464 115.381
-0.226562 -22.0137 -10.3583 119.703
-0.21875 -22.3749 -7.47106 124.102
-0.210938 -22.6927 -4.24992 128.55
-0.203125 -22.9549 -0.656069 133.004
-0.195312 -23.1484 3.34543 137.416
-0.1875 -23.2606 7.78042 141.731
-0.179688 -23.2768 12.6738 145.882
-0.171875 -23.1818 18.0416 149.795
-0.164062 -22.9606 23.8889 153.387
-0.15625 -22.5987 30.2081 156.566
-0.148438 -22.0825 36.9759 159.238
-0.140625 -21.4006 44.1514 161.307
-0.132812 -20.5443 51.6746 162.676
-0.125 -19.5085 59.4657 163.256
-0.117188 -18.2926 67.4257 162.971
-0.109375 -16.9007 75.4386 161.758
-0.101562 -15.3427 83.3745 159.576
-0.09375 -13.6335 91.0945 156.409
-0.0859375 -11.7931 98.4564 152.266
-0.078125 -9.84601 105.322 147.185
-0.0703125 -7.8201 111.562 141.232
-0.0625 -5.74473 117.066 134.493
-0.0546875 -3.65027 121.739 127.075
-0.046875 -1.56621 125.515 119.097
-0.0390625 0.479962 128.35 110.686
-0.03125 2.46377 130.229 101.973
-0.0234375 4.36443 131.156 93.0803
-0.015625 6.16507 131.16 84.1285
-0.0078125 8.68217 133.919 72.555
0 11.1366 137.215 61.8513
0.0078125 12.7101 137.627 54.5711
0.015625 14.1806 137.606 47.1888
0.0234375 15.5354 137.15 39.7736
0.03125 16.7637 136.269 32.3919
0.0390625 17.8558 134.98 25.1104
0.046875 18.8043 133.31 17.99
0.0546875 19.6047 131.292 11.08
0.0625 20.2537 128.965 4.42691
0.0703125 20.7502 126.372 -1.93074
0.078125 21.0945 123.56 -7.96245
0.0859375 21.2889 120.573 -13.6463
0.09375 21.3366 117.458 -18.9665
0.101562 21.2416 114.26 -23.9129
0.109375 21.0089 111.021 -28.4817
0.117188 20.644 107.78 -32.6741
0.125 20.1526 104.574 -36.4952
0.132812 19.5406 101.437 -39.9535
0.140625 18.814 98.3977 -43.0604
0.148438 17.9786 95.4826 -45.8288
0.15625 17.04 92.7147 -48.2731
0.164062 16.0037 90.1136 -50.4088
0.171875 14.8747 87.6963 -52.2514
0.179688 13.6577 85.4767 -53.8173
0.1875 12.3572 83.4665 -55.1221
0.195312 10.9771 81.6752 -56.1812
0.203125 9.52125 80.1104 -57.0096
0.210938 7.99291 78.7775 -57.6218
0.21875 6.39511 77.6808 -58.0314
0.226562 4.73055 76.8234 -58.2511
0.234375 3.00166 76.2072 -58.293
0.242188 1.21063 75.8329 -58.1686
0.25 1.21063 75.8329 -58.1686
