-5 19.9294 339.615 216 6.31562 18.1745 -38.8996
-4.875 20.7107 341.709 211.027 6.18473 15.3257 -40.6646
-4.75 21.4753 343.445 205.835 6.04658 12.4401 -42.4002
-4.625 22.2221 344.818 200.428 5.90088 9.51268 -44.1082
-4.5 22.9501 345.821 194.809 5.74725 6.53814 -45.7909
-4.375 23.6585 346.45 188.981 5.58528 3.51074 -47.4498
-4.25 24.3461 346.696 182.947 5.41446 0.42431 -49.0865
-4.125 25.0117 346.553 176.71 5.23425 -2.72781 -50.7026
-4 25.6542 346.011 170.272 5.04398 -5.95287 -52.2992
-3.875 26.2723 345.062 163.636 4.84293 -9.25884 -53.8773
-3.75 26.8645 343.693 156.804 4.63024 -12.6545 -55.4379
-3.625 27.4293 341.894 149.777 4.40494 -16.1495 -56.9814
-3.5 27.9652 339.651 142.559 4.16591 -19.7546 -58.5084
-3.375 28.4702 336.95 135.151 3.91186 -23.482 -60.0187
-3.25 28.9424 333.775 127.555 3.64129 -27.3452 -61.5121
-3.125 29.3797 330.108 119.774 3.35245 -31.3596 -62.9878
-3 29.7797 325.928 111.809 3.04332 -35.5429 -64.4444
-2.99219 29.8035 325.65 111.305 3.03841 -35.5974 -64.4628
-2.98438 29.8272 325.371 110.802 3.03334 -35.6551 -64.4825
-2.97656 29.8509 325.093 110.298 3.02812 -35.716 -64.5036
-2.96875 29.8745 324.813 109.794 3.02274 -35.7801 -64.5258
-2.96094 29.8981 324.534 109.289 3.01723 -35.8472 -64.5494
-2.95312 29.9217 324.253 108.785 3.0116 -35.917 -64.5742
-2.94531 29.9452 323.972 108.28 3.00582 -35.9901 -64.6002
-2.9375 29.9686 323.691 107.776 2.99984 -36.0664 -64.6275
-2.92969 29.992 323.409 107.271 2.99367 -36.1462 -64.656
-2.92188 30.0154 323.126 106.765 2.98733 -36.2292 -64.6856
-2.91406 30.0387 322.843 106.26 2.98081 -36.3153 -64.7165
-2.90625 30.062 322.559 105.754 2.97412 -36.4046 -64.7485
-2.89844 30.0852 322.274 105.248 2.96725 -36.497 -64.7817
-2.89062 30.1083 321.988 104.742 2.96021 -36.5927 -64.816
-2.88281 30.1314 321.702 104.235 2.95298 -36.6914 -64.8515
-2.875 30.1545 321.415 103.729 2.94558 -36.7934 -64.888
-2.86719 30.1775 321.127 103.222 2.93799 -36.8984 -64.9257
-2.85938 30.2004 320.838 102.714 2.93023 -37.0066 -64.9644
-2.85156 30.2232 320.549 102.207 2.92228 -37.1179 -65.0042
-2.84375 30.246 320.259 101.699 2.91414 -37.2323 -65.045
-2.83594 30.2688 319.967 101.19 2.90581 -37.3499 -65.0869
-2.82812 30.2914 319.675 100.682 2.89729 -37.4705 -65.1298
-2.82031 30.314 319.382 100.173 2.88858 -37.5943 -65.1737
-2.8125 30.3366 319.087 99.6632 2.87968 -37.7212 -65.2186
-2.80469 30.359 318.792 99.1535 2.87058 -37.8512 -65.2645
-2.79688 30.3814 318.496 98.6434 2.86128 -37.9843 -65.3113
-2.78906 30.4037 318.199 98.133 2.85178 -38.1205 -65.3591
-2.78125 30.426 317.9 97.6222 2.84208 -38.2598 -65.4078
-2.77344 30.4482 317.601 97.111 2.83218 -38.4022 -65.4574
-2.76562 30.4702 317.3 96.5994 2.82207 -38.5477 -65.5079
-2.75781 30.4922 316.999 96.0874 2.81175 -38.6963 -65.5593
-2.75 30.5142 316.696 95.575 2.80123 -38.848 -65.6116
-2.74219 30.536 316.392 95.0622 2.79049 -39.0027 -65.6647
-2.73438 30.5578 316.086 94.549 2.77954 -39.1606 -65.7187
-2.72656 30.5794 315.78 94.0354 2.76838 -39.3214 -65.7735
-2.71875 30.601 315.472 93.5213 2.757 -39.4854 -65.8291
-2.71094 30.6225 315.163 93.0068 2.74541 -39.6524 -65.8855
-2.70312 30.6439 314.852 92.4918 2.73359 -39.8225 -65.9427
-2.69531 30.6652 314.54 91.9764 2.72155 -39.9956 -66.0007
-2.6875 30.6864 314.227 91.4606 2.70929 -40.1718 -66.0594
-2.67969 30.7076 313.913 90.9443 2.69681 -40.351 -66.1188
-2.67188 30.7286 313.597 90.4275 2.68409 -40.5333 -66.179
-2.66406 30.7495 313.279 89.9102 2.67115 -40.7186 -66.2399
-2.65625 30.7703 312.961 89.3925 2.65798 -40.907 -66.3015
-2.64844 30.791 312.64 88.8743 2.64457 -41.0983 -66.3637
-2.64062 30.8116 312.318 88.3555 2.63094 -41.2927 -66.4266
-2.63281 30.8321 311.995 87.8363 2.61706 -41.4902 -66.4902
-2.625 30.8525 311.67 87.3166 2.60295 -41.6906 -66.5544
-2.61719 30.8728 311.344 86.7964 2.58859 -41.8941 -66.6192
-2.60938 30.893 311.016 86.2757 2.574 -42.1006 -66.6846
-2.60156 30.913 310.686 85.7545 2.55916 -42.3101 -66.7506
-2.59375 30.933 310.354 85.2327 2.54408 -42.5226 -66.8172
-2.58594 30.9528 310.021 84.7104 2.52875 -42.7381 -66.8843
-2.57812 30.9725 309.687 84.1876 2.51317 -42.9566 -66.952
-2.57031 30.992 309.35 83.6643 2.49734 -43.1781 -67.0202
-2.5625 31.0115 309.012 83.1405 2.48126 -43.4026 -67.0889
-2.55469 31.0308 308.672 82.6161 2.46492 -43.6301 -67.1581
-2.54688 31.05 308.33 82.0911 2.44833 -43.8605 -67.2278
-2.53906 31.0691 307.987 81.5656 2.43147 -44.094 -67.298
-2.53125 31.088 307.641 81.0396 2.41436 -44.3304 -67.3686
-2.52344 31.1068 307.294 80.513 2.39699 -44.5698 -67.4397
-2.51562 31.1254 306.945 79.9858 2.37935 -44.8122 -67.5111
-2.50781 31.144 306.594 79.4581 2.36144 -45.0575 -67.583
-2.5 31.1623 306.241 78.9298 2.34327 -45.3058 -67.6553
-2.49219 31.1806 305.886 78.401 2.32483 -45.5571 -67.7279
-2.48438 31.1987 305.529 77.8716 2.30612 -45.8113 -67.801
-2.47656 31.2166 305.17 77.3416 2.28713 -46.0684 -67.8743
-2.46875 31.2344 304.809 76.8111 2.26787 -46.3286 -67.948
-2.46094 31.252 304.446 76.2799 2.24833 -46.5916 -68.022
-2.45312 31.2695 304.081 75.7482 2.22851 -46.8576 -68.0963
-2.44531 31.2869 303.714 75.2159 2.20841 -47.1266 -68.1709
-2.4375 31.304 303.345 74.683 2.18803 -47.3985 -68.2458
-2.42969 31.3211 302.973 74.1496 2.16737 -47.6733 -68.3209
-2.42188 31.3379 302.6 73.6155 2.14641 -47.951 -68.3963
-2.41406 31.3546 302.224 73.0809 2.12517 -48.2317 -68.4719
-2.40625 31.3711 301.846 72.5456 2.10364 -48.5153 -68.5477
-2.39844 31.3875 301.466 72.0098 2.08182 -48.8018 -68.6237
-2.39062 31.4036 301.084 71.4734 2.0597 -49.0912 -68.6999
-2.38281 31.4196 300.699 70.9364 2.03728 -49.3835 -68.7762
-2.375 31.4355 300.312 70.3988 2.01457 -49.6788 -68.8527
-2.36719 31.4511 299.923 69.8606 1.99155 -49.9769 -68.9293
-2.35938 31.4666 299.531 69.3218 1.96824 -50.278 -69.006
-2.35156 31.4819 299.137 68.7823 1.94462 -50.5819 -69.0829
-2.34375 31.497 298.741 68.2423 1.92069 -50.8888 -69.1598
-2.33594 31.5119 298.342 67.7017 1.89646 -51.1985 -69.2368
-2.32812 31.5266 297.941 67.1605 1.87191 -51.5111 -69.3139
-2.32031 31.5411 297.537 66.6187 1.84706 -51.8267 -69.391
-2.3125 31.5555 297.131 66.0763 1.82189 -52.1451 -69.4681
-2.30469 31.5696 296.722 65.5333 1.7964 -52.4663 -69.5453
-2.29688 31.5835 296.311 64.9896 1.7706 -52.7905 -69.6224
-2.28906 31.5973 295.898 64.4454 1.74447 -53.1175 -69.6995
-2.28125 31.6108 295.481 63.9006 1.71803 -53.4474 -69.7766
-2.27344 31.6241 295.062 63.3551 1.69126 -53.7802 -69.8536
-2.26562 31.6372 294.641 62.8091 1.66416 -54.1158 -69.9306
-2.25781 31.6501 294.217 62.2625 1.63674 -54.4543 -70.0075
-2.25 31.6628 293.79 61.7152 1.60899 -54.7957 -70.0843
-2.24219 31.6752 293.361 61.1674 1.5809 -55.1399 -70.1609
-2.23438 31.6875 292.928 60.619 1.55249 -55.4869 -70.2375
-2.22656 31.6995 292.494 60.07 1.52373 -55.8368 -70.3139
-2.21875 31.7113 292.056 59.5203 1.49464 -56.1896 -70.3901
-2.21094 31.7228 291.616 58.9701 1.46521 -56.5452 -70.4662
-2.20312 31.7342 291.172 58.4193 1.43544 -56.9036 -70.5421
-2.19531 31.7453 290.727 57.8679 1.40532 -57.2649 -70.6177
-2.1875 31.7561 290.278 57.3159 1.37486 -57.629 -70.6932
-2.17969 31.7668 289.826 56.7633 1.34404 -57.9959 -70.7684
-2.17188 31.7771 289.372 56.2101 1.31288 -58.3657 -70.8434
-2.16406 31.7873 288.914 55.6564 1.28137 -58.7383 -70.9181
-2.15625 31.7972 288.454 55.102 1.2495 -59.1137 -70.9925
-2.14844 31.8068 287.99 54.5471 1.21728 -59.492 -71.0666
-2.14062 31.8162 287.524 53.9916 1.1847 -59.873 -71.1404
-2.13281 31.8253 287.055 53.4356 1.15176 -60.2569 -71.2138
-2.125 31.8342 286.583 52.8789 1.11845 -60.6436 -71.2869
-2.11719 31.8428 286.107 52.3217 1.08478 -61.0331 -71.3597
-2.10938 31.8511 285.629 51.7639 1.05075 -61.4254 -71.432
-2.10156 31.8592 285.148 51.2056 1.01634 -61.8205 -71.504
-2.09375 31.867 284.663 50.6467 0.981567 -62.2184 -71.5756
-2.08594 31.8745 284.175 50.0872 0.946419 -62.6191 -71.6467
-2.07812 31.8818 283.685 49.5272 0.910896 -63.0225 -71.7174
-2.07031 31.8888 283.191 48.9666 0.874997 -63.4288 -71.7877
-2.0625 31.8955 282.693 48.4055 0.838717 -63.8379 -71.8574
-2.05469 31.9019 282.193 47.8439 0.802057 -64.2498 -71.9267
-2.04688 31.908 281.69 47.2817 0.765013 -64.6644 -71.9955
-2.03906 31.9138 281.183 46.7189 0.727583 -65.0819 -72.0637
-2.03125 31.9193 280.673 46.1557 0.689766 -65.5021 -72.1314
-2.02344 31.9246 280.159 45.5919 0.651559 -65.9251 -72.1985
-2.01562 31.9295 279.643 45.0276 0.61296 -66.3508 -72.2651
-2.00781 31.9342 279.123 44.4627 0.573966 -66.7793 -72.3311
-2 31.9385 278.599 43.8974 0.534577 -67.2107 -72.3965
-1.99219 31.9425 278.072 43.3315 0.494788 -67.6447 -72.4613
-1.98438 31.9462 277.542 42.7652 0.454599 -68.0816 -72.5254
-1.97656 31.9496 277.009 42.1983 0.414007 -68.5212 -72.5889
-1.96875 31.9527 276.472 41.631 0.37301 -68.9635 -72.6517
-1.96094 31.9554 275.931 41.0632 0.331606 -69.4086 -72.7138
-1.95312 31.9579 275.387 40.4948 0.289792 -69.8565 -72.7753
-1.94531 31.96 274.839 39.926 0.247567 -70.3071 -72.836
-1.9375 31.9617 274.288 39.3568 0.204927 -70.7605 -72.896
-1.92969 31.9632 273.734 38.7871 0.161871 -71.2166 -72.9552
-1.92188 31.9643 273.176 38.2169 0.118398 -71.6755 -73.0137
-1.91406 31.965 272.614 37.6462 0.0745029 -72.1371 -73.0714
-1.90625 31.9654 272.049 37.0751 0.0301854 -72.6015 -73.1282
-1.89844 31.9655 271.479 36.5036 -0.0145572 -73.0686 -73.1843
-1.89062 31.9652 270.907 35.9316 -0.0597271 -73.5384 -73.2396
-1.88281 31.9646 270.33 35.3592 -0.105327 -74.011 -73.294
-1.875 31.9636 269.75 34.7864 -0.151358 -74.4863 -73.3475
-1.86719 31.9622 269.167 34.2132 -0.197824 -74.9643 -73.4001
-1.85938 31.9605 268.579 33.6395 -0.244726 -75.4451 -73.4519
-1.85156 31.9584 267.988 33.0655 -0.292067 -75.9286 -73.5027
-1.84375 31.9559 267.393 32.4911 -0.339849 -76.4148 -73.5526
-1.83594 31.953 266.794 31.9162 -0.388075 -76.9037 -73.6016
-1.82812 31.9498 266.191 31.341 -0.436746 -77.3954 -73.6496
-1.82031 31.9462 265.584 30.7655 -0.485865 -77.8898 -73.6966
-1.8125 31.9422 264.974 30.1895 -0.535435 -78.3868 -73.7426
-1.80469 31.9379 264.36 29.6132 -0.585457 -78.8866 -73.7876
-1.79688 31.9331 263.741 29.0366 -0.635934 -79.3892 -73.8315
-1.78906 31.9279 263.119 28.4596 -0.686869 -79.8944 -73.8744
-1.78125 31.9224 262.493 27.8823 -0.738264 -80.4023 -73.9163
-1.77344 31.9164 261.863 27.3047 -0.790121 -80.913 -73.957
-1.76562 31.91 261.229 26.7267 -0.842442 -81.4263 -73.9967
-1.75781 31.9032 260.591 26.1485 -0.89523 -81.9424 -74.0352
-1.75 31.896 259.948 25.57 -0.948488 -82.4612 -74.0726
-1.74219 31.8884 259.302 24.9911 -1.00222 -82.9826 -74.1089
-1.73438 31.8804 258.652 24.412 -1.05642 -83.5068 -74.144
-1.72656 31.8719 257.997 23.8326 -1.1111 -84.0336 -74.1779
-1.71875 31.863 257.339 23.253 -1.16626 -84.5632 -74.2106
-1.71094 31.8537 256.676 22.6731 -1.2219 -85.0954 -74.2421
-1.70312 31.8439 256.009 22.093 -1.27802 -85.6303 -74.2723
-1.69531 31.8337 255.338 21.5126 -1.33464 -86.168 -74.3013
-1.6875 31.823 254.663 20.932 -1.39174 -86.7083 -74.329
-1.67969 31.8119 253.983 20.3512 -1.44933 -87.2513 -74.3554
-1.67188 31.8004 253.299 19.7702 -1.50741 -87.7969 -74.3805
-1.66406 31.7884 252.611 19.189 -1.56599 -88.3453 -74.4043
-1.65625 31.7759 251.919 18.6076 -1.62507 -88.8964 -74.4267
-1.64844 31.763 251.222 18.0261 -1.68465 -89.4501 -74.4478
-1.64062 31.7496 250.521 17.4444 -1.74474 -90.0065 -74.4675
-1.63281 31.7357 249.816 16.8626 -1.80533 -90.5656 -74.4858
-1.625 31.7214 249.106 16.2806 -1.86643 -91.1273 -74.5026
-1.61719 31.7066 248.392 15.6985 -1.92805 -91.6918 -74.5181
-1.60938 31.6913 247.674 15.1162 -1.99017 -92.2589 -74.5321
-1.60156 31.6755 246.951 14.5339 -2.05282 -92.8287 -74.5446
-1.59375 31.6592 246.223 13.9515 -2.11598 -93.4011 -74.5556
-1.58594 31.6424 245.491 13.369 -2.17966 -93.9762 -74.5652
-1.57812 31.6251 244.755 12.7864 -2.24387 -94.554 -74.5732
-1.57031 31.6073 244.014 12.2038 -2.30861 -95.1345 -74.5796
-1.5625 31.589 243.268 11.6211 -2.37387 -95.7176 -74.5845
-1.55469 31.5702 242.518 11.0384 -2.43967 -96.3034 -74.5878
-1.54688 31.5509 241.763 10.4557 -2.506 -96.8919 -74.5896
-1.53906 31.5311 241.004 9.87294 -2.57288 -97.483 -74.5897
-1.53125 31.5107 240.24 9.29021 -2.64029 -98.0767 -74.5881
-1.52344 31.4898 239.472 8.7075 -2.70824 -98.6732 -74.585
-1.51562 31.4684 238.698 8.12483 -2.77674 -99.2723 -74.5801
-1.50781 31.4464 237.921 7.5422 -2.84579 -99.874 -74.5736
-1.5 31.4239 237.138 6.95962 -2.91539 -100.478 -74.5653
-1.49219 31.4009 236.351 6.37712 -2.98555 -101.085 -74.5553
-1.48438 31.3773 235.558 5.7947 -3.05626 -101.695 -74.5436
-1.47656 31.3531 234.762 5.21238 -3.12753 -102.308 -74.5301
-1.46875 31.3284 233.96 4.63018 -3.19936 -102.923 -74.5148
-1.46094 31.3031 233.153 4.0481 -3.27176 -103.54 -74.4977
-1.45312 31.2773 232.342 3.46616 -3.34472 -104.161 -74.4788
-1.44531 31.2509 231.526 2.88437 -3.41826 -104.784 -74.458
-1.4375 31.2239 230.705 2.30276 -3.49237 -105.409 -74.4354
-1.42969 31.1963 229.879 1.72133 -3.56705 -106.037 -74.4109
-1.42188 31.1681 229.048 1.14009 -3.64232 -106.668 -74.3845
-1.41406 31.1394 228.212 0.559076 -3.71817 -107.302 -74.3562
-1.40625 31.11 227.371 -0.0217139 -3.7946 -107.938 -74.3259
-1.39844 31.0801 226.526 -0.602259 -3.87162 -108.577 -74.2937
-1.39062 31.0495 225.675 -1.18255 -3.94923 -109.218 -74.2595
-1.38281 31.0184 224.819 -1.76256 -4.02743 -109.863 -74.2233
-1.375 30.9866 223.958 -2.34228 -4.10623 -110.509 -74.185
-1.36719 30.9542 223.092 -2.92169 -4.18563 -111.159 -74.1448
-1.35938 30.9212 222.221 -3.50078 -4.26564 -111.811 -74.1024
-1.35156 30.8876 221.345 -4.07953 -4.34624 -112.466 -74.058
-1.34375 30.8533 220.464 -4.65793 -4.42746 -113.123 -74.0115
-1.33594 30.8184 219.578 -5.23595 -4.50929 -113.783 -73.9628
-1.32812 30.7828 218.686 -5.81359 -4.59173 -114.445 -73.912
-1.32031 30.7466 217.79 -6.39082 -4.67479 -115.111 -73.8591
-1.3125 30.7098 216.888 -6.96763 -4.75847 -115.779 -73.804
-1.30469 30.6723 215.98 -7.544 -4.84277 -116.449 -73.7466
-1.29688 30.6341 215.068 -8.11991 -4.9277 -117.122 -73.6871
-1.28906 30.5953 214.15 -8.69535 -5.01326 -117.798 -73.6252
-1.28125 30.5558 213.227 -9.2703 -5.09945 -118.477 -73.5612
-1.27344 30.5156 212.299 -9.84473 -5.18628 -119.158 -73.4948
-1.26562 30.4748 211.366 -10.4186 -5.27375 -119.841 -73.4261
-1.25781 30.4332 210.427 -10.992 -5.36185 -120.528 -73.3551
-1.25 30.391 209.482 -11.5648 -5.45061 -121.217 -73.2817
-1.24219 30.348 208.533 -12.137 -5.54001 -121.908 -73.206
-1.23438 30.3044 207.578 -12.7086 -5.63006 -122.602 -73.1278
-1.22656 30.2601 206.617 -13.2796 -5.72077 -123.299 -73.0473
-1.21875 30.215 205.651 -13.85 -5.81214 -123.999 -72.9643
-1.21094 30.1692 204.68 -14.4197 -5.90417 -124.701 -72.8788
-1.20312 30.1228 203.703 -14.9887 -5.99686 -125.405 -72.7908
-1.19531 30.0755 202.72 -15.557 -6.09022 -126.113 -72.7004
-1.1875 30.0276 201.732 -16.1246 -6.18425 -126.823 -72.6074
-1.17969 29.9789 200.738 -16.6915 -6.27895 -127.535 -72.5118
-1.17188 29.9295 199.739 -17.2576 -6.37434 -128.251 -72.4137
-1.16406 29.8793 198.734 -17.823 -6.4704 -128.968 -72.313
-1.15625 29.8284 197.724 -18.3875 -6.56715 -129.689 -72.2097
-1.14844 29.7767 196.708 -18.9512 -6.66458 -130.412 -72.1037
-1.14062 29.7242 195.686 -19.5141 -6.76271 -131.138 -71.995
-1.13281 29.671 194.659 -20.0762 -6.86153 -131.866 -71.8837
-1.125 29.617 193.626 -20.6373 -6.96105 -132.597 -71.7696
-1.11719 29.5623 192.587 -21.1975 -7.06127 -133.331 -71.6529
-1.10938 29.5067 191.543 -21.7569 -7.16219 -134.067 -71.5333
-1.10156 29.4503 190.492 -22.3152 -7.26382 -134.806 -71.411
-1.09375 29.3932 189.436 -22.8727 -7.36617 -135.547 -71.2858
-1.08594 29.3352 188.374 -23.4291 -7.46922 -136.291 -71.1578
-1.07812 29.2765 187.307 -23.9845 -7.573 -137.038 -71.027
-1.07031 29.2169 186.233 -24.5389 -7.6775 -137.787 -70.8933
-1.0625 29.1565 185.154 -25.0922 -7.78272 -138.539 -70.7567
-1.05469 29.0953 184.069 -25.6444 -7.88867 -139.293 -70.6171
-1.04688 29.0333 182.977 -26.1956 -7.99536 -140.051 -70.4746
-1.03906 28.9704 181.88 -26.7456 -8.10278 -140.81 -70.3291
-1.03125 28.9067 180.777 -27.2944 -8.21094 -141.573 -70.1806
-1.02344 28.8421 179.668 -27.8421 -8.31984 -142.338 -70.0291
-1.01562 28.7767 178.553 -28.3886 -8.42949 -143.105 -69.8745
-1.00781 28.7104 177.432 -28.9339 -8.53989 -143.875 -69.7169
-1 28.6432 176.305 -29.4779 -8.65374 -144.662 -69.5519
-0.992188 28.5751 175.172 -30.0206 -8.77118 -145.465 -69.3794
-0.984375 28.5061 174.032 -30.562 -8.8897 -146.272 -69.2031
-0.976562 28.4362 172.886 -31.1019 -9.00949 -147.084 -69.0225
-0.96875 28.3654 171.734 -31.6404 -9.13077 -147.902 -68.837
-0.960938 28.2936 170.575 -32.1775 -9.25356 -148.726 -68.6464
-0.953125 28.2208 169.41 -32.713 -9.37798 -149.555 -68.4503
-0.945312 28.147 168.238 -33.247 -9.50414 -150.392 -68.2483
-0.9375 28.0723 167.06 -33.7794 -9.63214 -151.234 -68.0402
-0.929688 27.9965 165.875 -34.3101 -9.7621 -152.085 -67.8254
-0.921875 27.9197 164.684 -34.8391 -9.89413 -152.942 -67.6037
-0.914062 27.8419 163.486 -35.3664 -10.0283 -153.808 -67.3746
-0.90625 27.763 162.281 -35.8918 -10.1649 -154.681 -67.1378
-0.898438 27.6831 161.069 -36.4154 -10.3038 -155.564 -66.8928
-0.890625 27.602 159.85 -36.937 -10.4453 -156.456 -66.6392
-0.882812 27.5199 158.624 -37.4566 -10.5894 -157.357 -66.3767
-0.875 27.4365 157.391 -37.9741 -10.7363 -158.268 -66.1049
-0.867188 27.3521 156.151 -38.4894 -10.886 -159.189 -65.8233
-0.859375 27.2664 154.904 -39.0025 -11.0388 -160.121 -65.5317
-0.851562 27.1796 153.649 -39.5133 -11.1947 -161.064 -65.2295
-0.84375 27.0915 152.387 -40.0217 -11.3538 -162.018 -64.9164
-0.835938 27.0022 151.118 -40.5276 -11.5162 -162.984 -64.5919
-0.828125 26.9116 149.84 -41.0309 -11.6821 -163.962 -64.2558
-0.820312 26.8196 148.556 -41.5315 -11.8516 -164.953 -63.9075
-0.8125 26.7264 147.263 -42.0294 -12.0248 -165.956 -63.5466
-0.804688 26.6317 145.962 -42.5244 -12.2019 -166.973 -63.1727
-0.796875 26.5357 144.654 -43.0164 -12.3828 -168.004 -62.7855
-0.789062 26.4382 143.337 -43.5054 -12.5679 -169.048 -62.3845
-0.78125 26.3393 142.013 -43.9911 -12.7571 -170.107 -61.9692
-0.773438 26.2389 140.679 -44.4736 -12.9506 -171.181 -61.5393
-0.765625 26.1369 139.338 -44.9526 -13.1486 -172.27 -61.0943
-0.757812 26.0334 137.988 -45.4281 -13.3511 -173.375 -60.6336
-0.75 25.9283 136.629 -45.8999 -13.5583 -174.496 -60.157
-0.742188 25.8216 135.261 -46.368 -13.7703 -175.633 -59.664
-0.734375 25.7131 133.884 -46.8321 -13.9872 -176.787 -59.1541
-0.726562 25.603 132.499 -47.2922 -14.2092 -177.958 -58.6268
-0.71875 25.4911 131.104 -47.7481 -14.4363 -179.147 -58.0818
-0.710938 25.3774 129.699 -48.1997 -14.6688 -180.353 -57.5185
-0.703125 25.2619 128.286 -48.6468 -14.9067 -181.578 -56.9364
-0.695312 25.1445 126.862 -49.0892 -15.1501 -182.821 -56.3352
-0.6875 25.0251 125.429 -49.5269 -15.3993 -184.084 -55.7144
-0.679688 24.9038 123.986 -49.9597 -15.6543 -185.366 -55.0733
-0.671875 24.7805 122.533 -50.3874 -15.9152 -186.668 -54.4117
-0.664062 24.6551 121.069 -50.8098 -16.1822 -187.989 -53.7289
-0.65625 24.5276 119.595 -51.2268 -16.4554 -189.332 -53.0245
-0.648438 24.398 118.111 -51.6382 -16.7349 -190.695 -52.298
-0.640625 24.2661 116.615 -52.0439 -17.021 -192.08 -51.5489
-0.632812 24.132 115.109 -52.4436 -17.3136 -193.486 -50.7766
-0.625 23.9956 113.592 -52.8372 -17.613 -194.914 -49.9807
-0.617188 23.8568 112.064 -53.2244 -17.9192 -196.365 -49.1605
-0.609375 23.7156 110.524 -53.6052 -18.2325 -197.839 -48.3157
-0.601562 23.5719 108.972 -53.9793 -18.5529 -199.335 -47.4456
-0.59375 23.4256 107.409 -54.3464 -18.8805 -200.855 -46.5497
-0.585938 23.2768 105.834 -54.7065 -19.2156 -202.398 -45.6275
-0.578125 23.1254 104.247 -55.0593 -19.5583 -203.966 -44.6783
-0.570312 22.9712 102.647 -55.4045 -19.9086 -205.558 -43.7017
-0.5625 22.8143 101.035 -55.742 -20.2668 -207.175 -42.697
-0.554688 22.6545 99.4096 -56.0715 -20.6329 -208.817 -41.6637
-0.546875 22.4918 97.7718 -56.3929 -21.0072 -210.484 -40.6012
-0.539062 22.3262 96.1207 -56.7058 -21.3896 -212.177 -39.5089
-0.53125 22.1576 94.4564 -57.0101 -21.7804 -213.896 -38.3862
-0.523438 21.9859 92.7785 -57.3055 -22.1798 -215.641 -37.2325
-0.515625 21.811 91.0869 -57.5917 -22.5878 -217.412 -36.0472
-0.507812 21.6329 89.3813 -57.8686 -23.0046 -219.211 -34.8296
-0.5 21.4515 87.6616 -58.1358 -23.4323 -221.042 -33.5726
-0.492188 21.2667 85.9274 -58.393 -23.8718 -222.909 -32.2734
-0.484375 21.0785 84.1785 -58.6399 -24.3216 -224.803 -30.9348
-0.476562 20.8867 82.4148 -58.8762 -24.7817 -226.722 -29.5534
-0.46875 20.6912 80.6359 -59.1015 -25.2525 -228.662 -28.1264
-0.460938 20.4921 78.8419 -59.3154 -25.7339 -230.62 -26.6505
-0.453125 20.2891 77.0324 -59.5177 -26.2262 -232.592 -25.1225
-0.445312 20.0822 75.2076 -59.7078 -26.7294 -234.575 -23.5393
-0.4375 19.8714 73.3672 -59.8853 -27.2437 -236.565 -21.8977
-0.429688 19.6565 71.5112 -60.0497 -27.7693 -238.558 -20.1943
-0.421875 19.4375 69.6397 -60.2005 -28.3062 -240.551 -18.4258
-0.414062 19.2142 67.7526 -60.3373 -28.8546 -242.54 -16.589
-0.40625 18.9866 65.8501 -60.4595 -29.4147 -244.522 -14.6804
-0.398438 18.7545 63.932 -60.5664 -29.9866 -246.492 -12.6966
-0.390625 18.518 61.9987 -60.6575 -30.5704 -248.447 -10.6341
-0.382812 18.2768 60.0501 -60.7322 -31.1663 -250.382 -8.48943
-0.375 18.0309 58.0866 -60.7899 -31.7743 -252.295 -6.25912
-0.367188 17.7803 56.1081 -60.8297 -32.3947 -254.18 -3.93959
-0.359375 17.5247 54.1151 -60.851 -33.0275 -256.034 -1.52729
-0.351562 17.2642 52.1078 -60.8532 -33.6729 -257.852 0.981384
-0.34375 16.9985 50.0863 -60.8353 -34.3308 -259.629 3.59002
-0.335938 16.7277 48.0512 -60.7967 -35.0015 -261.362 6.30223
-0.328125 16.4516 46.0027 -60.7364 -35.6849 -263.046 9.12159
-0.320312 16.1701 43.9413 -60.6537 -36.3811 -264.676 12.0517
-0.3125 15.8831 41.8674 -60.5477 -37.0902 -266.247 15.0961
-0.304688 15.5905 39.7815 -60.4174 -37.812 -267.754 18.2583
-0.296875 15.2922 37.684 -60.2619 -38.5467 -269.192 21.5417
-0.289062 14.9882 35.5756 -60.0803 -39.294 -270.555 24.9498
-0.28125 14.6782 33.4569 -59.8716 -40.0539 -271.838 28.4857
-0.273438 14.3623 31.3285 -59.6347 -40.8262 -273.036 32.1526
-0.265625 14.0403 29.1911 -59.3687 -41.6108 -274.141 35.9536
-0.257812 13.7121 27.0454 -59.0724 -42.4073 -275.15 39.8915
-0.25 13.3776 24.8923 -58.7448 -43.214 -276.04 43.9714
-0.242188 13.0368 22.7328 -58.3848 -44.0323 -276.81 48.2023
-0.234375 12.6895 20.5676 -57.991 -44.8646 -277.474 52.5871
-0.226562 12.3357 18.3977 -57.5625 -45.7093 -278.027 57.1205
-0.21875 11.9753 16.2239 -57.098 -46.5647 -278.461 61.7972
-0.210938 11.6081 14.0472 -56.5964 -47.4292 -278.771 66.6116
-0.203125 11.2342 11.8686 -56.0567 -48.3008 -278.949 71.5578
-0.195312 10.8534 9.68919 -55.4778 -49.1774 -278.986 76.6292
-0.1875 10.4658 7.51004 -54.8589 -50.0568 -278.875 81.8187
-0.179688 10.0713 5.33237 -54.199 -50.9365 -278.607 87.1185
-0.171875 9.6699 3.15745 -53.4972 -51.8141 -278.173 92.5199
-0.164062 9.26169 0.986606 -52.753 -52.6867 -277.563 98.0133
-0.15625 8.8467 -1.17875 -51.9655 -53.5512 -276.767 103.588
-0.148438 8.425 -3.33712 -51.1341 -54.4045 -275.777 109.231
-0.140625 7.99669 -5.48696 -50.2585 -55.2431 -274.582 114.93
-0.132812 7.5619 -7.62663 -49.3382 -56.0633 -273.174 120.67
-0.125 7.12078 -9.75444 -48.3729 -56.8616 -271.545 126.435
-0.117188 6.67354 -11.8686 -47.3626 -57.634 -269.688 132.207
-0.109375 6.22037 -13.9674 -46.3073 -58.3766 -267.597 137.967
-0.101562 5.76153 -16.0489 -45.207 -59.0857 -265.267 143.695
-0.09375 5.2973 -18.1113 -44.0622 -59.7575 -262.697 149.372
-0.0859375 4.82798 -20.1526 -42.8734 -60.3884 -259.886 154.977
-0.078125 4.3539 -22.171 -41.6411 -60.9753 -256.835 160.488
-0.0703125 3.87543 -24.1647 -40.3662 -61.5151 -253.548 165.886
-0.0625 3.39293 -26.1318 -39.0496 -62.0053 -250.03 171.15
-0.0546875 2.9068 -28.0706 -37.6925 -62.4437 -246.287 176.263
-0.046875 2.41745 -29.9792 -36.2962 -62.8286 -242.328 181.208
-0.0390625 1.92531 -31.8561 -34.8619 -63.1586 -238.162 185.969
-0.03125 1.43082 -33.6997 -33.3912 -63.4328 -233.799 190.533
-0.0234375 0.934397 -35.5085 -31.8856 -63.6505 -229.248 194.889
-0.015625 0.436499 -37.281 -30.3469 -63.8114 -224.52 199.026
-0.0078125 -0.0624343 -39.016 -28.7767 -63.9155 -219.623 202.937
0 -0.561918 -40.7118 -27.177 -63.9522 -214.517 206.584
0.0078125 -1.06142 -42.367 -25.5499 -63.9216 -209.195 209.974
0.015625 -1.56047 -43.9799 -23.897 -63.8349 -203.709 213.143
0.0234375 -2.05863 -45.5494 -22.2204 -63.694 -198.082 216.086
0.03125 -2.55549 -47.0745 -20.5216 -63.5012 -192.341 218.796
0.0390625 -3.05065 -48.5543 -18.8026 -63.2588 -186.51 221.269
0.046875 -3.54373 -49.9884 -17.0652 -62.9693 -180.614 223.5
0.0546875 -4.03437 -51.3763 -15.3114 -62.6351 -174.678 225.488
0.0625 -4.52224 -52.7177 -13.5429 -62.2591 -168.725 227.23
0.0703125 -5.00701 -54.0126 -11.7619 -61.8437 -162.778 228.724
0.078125 -5.4884 -55.2612 -9.97009 -61.3917 -156.861 229.97
0.0859375 -5.96612 -56.4638 -8.16956 -60.9058 -150.994 230.966
0.09375 -6.43993 -57.6208 -6.36222 -60.3885 -145.2 231.714
0.101562 -6.90958 -58.7329 -4.55001 -59.8425 -139.498 232.212
0.109375 -7.37487 -59.8009 -2.73489 -59.2702 -133.909 232.461
0.117188 -7.83559 -60.8257 -0.918788 -58.674 -128.452 232.461
0.125 -8.29156 -61.8085 0.896339 -58.0564 -123.145 232.212
0.132812 -8.74264 -62.7505 2.70855 -57.4196 -118.007 231.714
0.140625 -9.18868 -63.6531 4.5159 -56.7657 -113.055 230.967
0.148438 -9.62955 -64.5178 6.31643 -56.0968 -108.307 229.971
0.15625 -10.0651 -65.3463 8.10821 -55.415 -103.779 228.724
0.164062 -10.4954 -66.1403 9.88927 -54.7221 -99.4888 227.227
0.171875 -10.9201 -66.9018 11.6576 -54.02 -95.4521 225.478
0.179688 -11.3394 -67.6328 13.4114 -53.3105 -91.6854 223.476
0.1875 -11.7531 -68.3355 15.1485 -52.5954 -88.2046 221.219
0.195312 -12.1612 -69.0122 16.8669 -51.8762 -85.0258 218.706
0.203125 -12.5636 -69.6653 18.5647 -51.1546 -82.1647 215.935
0.210938 -12.9605 -70.2973 20.2399 -50.4322 -79.6371 212.904
0.21875 -13.3517 -70.911 21.8903 -49.7105 -77.4588 209.61
0.226562 -13.7372 -71.509 23.514 -48.9909 -75.6454 206.051
0.234375 -14.1172 -72.0944 25.1088 -48.275 -74.2125 202.224
0.242188 -14.4915 -72.6701 26.6727 -47.5642 -73.1759 198.127
0.25 -14.8604 -73.2394 28.2035 -46.8599 -72.5512 193.756
