3.126487148738305022e-01
3.274415182776061783e+02
7.049838523089416498e+00
-1.106975386079558916e+02
4.780074278161382528e-01
-2.014414060373109550e+00
-7.350365862508981829e-01
-7.612469964005710743e+00
-8.538188616170160117e+00
2.564229294096513012e+00
-3.956615564331040780e-01
-4.357417188684777010e+00
6.638167296618063817e-01
1.427083070387810793e+00
-4.640988805742289891e-01
1.451383756762198907e+01
2.114422276014634061e+00
6.337019566837720497e-01
1.158128615648921639e-01
-5.671014540459998088e+00
4.846239431189885427e-01
-4.294816055901782725e+00
1.414084175533386056e-01
